device_1 : [0.18000000715255737]
device_2 : []
device_3 : [0.17000000178813934]
device_4 : []
device_5 : []
device_6 : [0.18000000715255737, 0.17000000178813934]
device_7 : []
device_8 : [0.18000000715255737]
device_9 : [0.18000000715255737]
device_10 : [0.18000000715255737]
