device_1 : [0.3161999583244324, 0.397599995136261, 0.29919999837875366, 0.29919999837875366, 0.3515000641345978, 0.34769999980926514, 0.39539995789527893, 0.3457000255584717]
device_2 : [0.3161999583244324, 0.397599995136261, 0.29919999837875366, 0.29919999837875366, 0.29919999837875366, 0.3515000641345978, 0.3515000641345978, 0.3457000255584717]
device_3 : [0.29919999837875366, 0.397599995136261, 0.29919999837875366, 0.29919999837875366, 0.29919999837875366, 0.3515000641345978, 0.3515000641345978, 0.3515000641345978, 0.34769999980926514, 0.39539995789527893]
device_4 : [0.29919999837875366, 0.397599995136261, 0.29919999837875366, 0.29919999837875366, 0.29919999837875366, 0.3515000641345978, 0.34769999980926514, 0.39539995789527893, 0.3457000255584717]
device_5 : [0.3161999583244324, 0.29919999837875366, 0.29919999837875366, 0.3515000641345978, 0.3515000641345978, 0.34769999980926514, 0.39539995789527893]
device_6 : [0.397599995136261, 0.29919999837875366, 0.3515000641345978, 0.39539995789527893, 0.3457000255584717]
device_7 : [0.3161999583244324, 0.29919999837875366, 0.397599995136261, 0.29919999837875366, 0.3515000641345978, 0.3515000641345978, 0.34769999980926514, 0.39539995789527893, 0.3457000255584717]
device_8 : [0.3161999583244324, 0.29919999837875366, 0.29919999837875366, 0.29919999837875366, 0.29919999837875366, 0.3515000641345978, 0.3515000641345978, 0.3515000641345978, 0.34769999980926514, 0.3457000255584717]
device_9 : [0.3161999583244324, 0.29919999837875366, 0.29919999837875366, 0.29919999837875366, 0.3515000641345978, 0.3515000641345978, 0.3515000641345978, 0.39539995789527893]
device_10 : [0.3161999583244324, 0.29919999837875366, 0.397599995136261, 0.29919999837875366, 0.29919999837875366, 0.3515000641345978, 0.3515000641345978, 0.3515000641345978, 0.34769999980926514, 0.3457000255584717]
