device_1 : [0.20000000298023224, 0.20999999344348907]
device_2 : []
device_3 : [0.20999999344348907]
device_4 : [0.20000000298023224]
device_5 : [0.20000000298023224, 0.20999999344348907]
device_6 : [0.20999999344348907]
device_7 : []
device_8 : [0.20000000298023224]
device_9 : []
device_10 : [0.20000000298023224]
