device_1 : [0.28999999165534973]
device_2 : []
device_3 : [0.27000001072883606]
device_4 : [0.27000001072883606]
device_5 : [0.28999999165534973, 0.27000001072883606]
device_6 : [0.27000001072883606]
device_7 : [0.28999999165534973]
device_8 : [0.28999999165534973]
device_9 : [0.28999999165534973]
device_10 : []
