device_1 : [0.10000000149011612, 0.10000000149011612, 0.10000000149011612]
device_2 : [0.10000000149011612, 0.10000000149011612, 0.10000000149011612]
device_3 : [0.10000000149011612, 0.10000000149011612]
device_4 : []
device_5 : [0.10000000149011612]
device_6 : []
device_7 : [0.10000000149011612]
device_8 : [0.10000000149011612, 0.10000000149011612]
device_9 : [0.10000000149011612]
device_10 : [0.10000000149011612, 0.10000000149011612]
