device_1 : []
device_2 : [0.23999999463558197]
device_3 : [0.10999999940395355, 0.23999999463558197]
device_4 : [0.10999999940395355]
device_5 : []
device_6 : [0.10999999940395355]
device_7 : [0.1599999964237213]
device_8 : []
device_9 : [0.10999999940395355]
device_10 : [0.10999999940395355, 0.1599999964237213]
