device_1 : []
device_2 : [0.10999999940395355]
device_3 : [0.10999999940395355]
device_4 : [0.10999999940395355]
device_5 : [0.10999999940395355]
device_6 : [0.10999999940395355]
device_7 : [0.10999999940395355]
device_8 : [0.10999999940395355]
device_9 : []
device_10 : []
