device_1 : []
device_2 : []
device_3 : [0.15000000596046448, 0.12999999523162842]
device_4 : [0.15000000596046448]
device_5 : [0.15000000596046448, 0.12999999523162842]
device_6 : [0.12999999523162842]
device_7 : []
device_8 : []
device_9 : [0.15000000596046448]
device_10 : [0.15000000596046448]
