device_1 : [0.10000000149011612, 0.10000000149011612, 0.09000000357627869]
device_2 : [0.09000000357627869, 0.019999999552965164]
device_3 : [0.10000000149011612, 0.09000000357627869]
device_4 : [0.10000000149011612]
device_5 : []
device_6 : [0.10000000149011612]
device_7 : [0.10000000149011612, 0.10000000149011612, 0.09000000357627869]
device_8 : [0.10000000149011612, 0.10000000149011612]
device_9 : [0.09000000357627869]
device_10 : []
