device_1 : []
device_2 : []
device_3 : [0.14000000059604645]
device_4 : [0.15000000596046448, 0.14000000059604645]
device_5 : [0.15000000596046448, 0.14000000059604645]
device_6 : [0.15000000596046448, 0.14000000059604645]
device_7 : [0.15000000596046448]
device_8 : [0.15000000596046448]
device_9 : []
device_10 : []
