device_1 : []
device_2 : [0.18000000715255737]
device_3 : [0.18000000715255737]
device_4 : [0.18000000715255737]
device_5 : [0.18000000715255737]
device_6 : [0.18000000715255737]
device_7 : []
device_8 : [0.18000000715255737]
device_9 : [0.18000000715255737]
device_10 : [0.18000000715255737]
