device_1 : []
device_2 : [0.20000000298023224]
device_3 : [0.0]
device_4 : [0.20000000298023224, 0.20000000298023224]
device_5 : []
device_6 : [0.30000001192092896]
device_7 : [0.0]
device_8 : [0.10000000149011612]
device_9 : [0.30000001192092896, 0.30000001192092896]
device_10 : [0.10000000149011612]
